Enter matrix size: 
Enter matrix 4x4:
==========SOLVING SLAE==========
Enter approximation: 
Matrix A:
-3.00 1.00 -1.00 8.00
6.00 9.00 -4.00 3.00
5.00 -4.00 -8.00 1.00
0.00 8.00 1.00 2.00

Epsilon = 0.01
A(k) = Q(k) * R(k)
A(k + 1) = R(k) * Q(k)
------------
Iteration 1:
====CREATING QR DECOMPOSITION===
==============DONE==============
Matrix R(0):
8.37 3.71 -7.29 -0.12
0.00 -12.18 -2.46 -3.90
0.00 0.00 4.77 -7.64
-0.00 0.00 0.00 -2.09

Matrix Q(0):
-0.36 -0.19 -0.86 -0.32
0.72 -0.52 -0.01 -0.46
0.60 0.51 -0.50 0.36
0.00 -0.66 -0.13 0.74

Matrix A(1):
-4.70 -7.17 -3.55 -7.13
-10.21 7.64 1.88 1.85
2.85 7.46 -1.39 -3.94
0.00 1.37 0.27 -1.55

------------
Iteration 2:
====CREATING QR DECOMPOSITION===
==============DONE==============
Matrix R(1):
11.59 -1.99 -0.56 0.30
0.00 -12.78 -2.24 -2.68
0.00 0.00 3.57 7.82
0.00 0.00 0.00 -1.92

Matrix Q(1):
-0.41 0.62 -0.66 0.07
-0.88 -0.46 0.10 -0.05
0.25 -0.62 -0.74 -0.06
0.00 -0.11 0.01 0.99

Matrix A(2):
-3.09 8.47 -7.48 1.28
10.70 7.58 0.38 -1.88
0.88 -3.06 -2.58 7.56
-0.00 0.21 -0.02 -1.91

------------
Iteration 3:
====CREATING QR DECOMPOSITION===
==============DONE==============
Matrix R(2):
11.17 4.68 2.23 -1.56
0.00 -10.80 5.83 1.82
0.00 0.00 4.88 -7.56
-0.00 -0.00 -0.00 -1.73

Matrix Q(2):
-0.28 -0.90 -0.33 -0.01
0.96 -0.29 -0.02 -0.01
0.08 0.32 -0.94 0.02
-0.00 -0.02 0.02 1.00

Matrix A(3):
1.57 -10.70 -5.87 -1.65
-9.89 4.91 -5.29 2.02
0.38 1.69 -4.76 -7.44
0.00 0.03 -0.03 -1.72

------------
Iteration 4:
====CREATING QR DECOMPOSITION===
==============DONE==============
Matrix R(3):
-10.02 6.46 -4.12 2.54
0.00 9.99 5.54 -0.14
0.00 0.00 6.11 7.48
0.00 -0.00 0.00 -1.66

Matrix Q(3):
-0.16 -0.97 -0.19 0.00
0.99 -0.15 -0.07 -0.00
-0.04 0.19 -0.98 -0.01
-0.00 0.00 -0.01 1.00

Matrix A(4):
8.10 7.98 5.44 2.56
9.65 -0.39 -6.10 -0.20
-0.23 1.21 -6.05 7.42
0.00 -0.01 0.01 -1.66

------------
Iteration 5:
====CREATING QR DECOMPOSITION===
==============DONE==============
Matrix R(4):
-12.60 -4.81 1.06 -1.36
0.00 6.49 6.71 3.54
0.00 0.00 7.57 -6.88
-0.00 0.00 0.00 -1.64

Matrix Q(4):
-0.64 0.75 0.14 0.00
-0.77 -0.63 -0.14 -0.00
0.02 0.20 -0.98 0.00
-0.00 -0.00 0.00 1.00

Matrix A(5):
11.81 -6.25 -2.14 -1.36
-4.85 -2.73 -7.49 3.56
0.14 1.53 -7.44 -6.86
0.00 0.00 -0.00 -1.64

------------
Iteration 6:
====CREATING QR DECOMPOSITION===
==============DONE==============
Matrix R(5):
-12.76 4.73 -0.78 2.68
0.00 5.14 5.09 -4.74
0.00 0.00 9.46 5.66
-0.00 -0.00 -0.00 -1.64

Matrix Q(5):
-0.93 -0.36 -0.11 0.00
0.38 -0.88 -0.29 0.00
-0.01 0.31 -0.95 -0.00
-0.00 0.00 -0.00 1.00

Matrix A(6):
13.61 0.25 0.74 2.68
1.90 -2.97 -6.32 -4.74
-0.10 2.90 -9.01 5.65
0.00 -0.00 0.00 -1.64

------------
Iteration 7:
====CREATING QR DECOMPOSITION===
==============DONE==============
Matrix R(6):
-13.74 0.18 0.07 -1.96
0.00 4.15 -1.74 7.58
0.00 0.00 10.89 -0.51
0.00 -0.00 0.00 -1.63

Matrix Q(6):
-0.99 0.10 0.09 0.00
-0.14 -0.71 -0.69 -0.00
0.01 0.70 -0.72 0.00
-0.00 -0.00 0.00 1.00

Matrix A(7):
13.59 -1.51 -1.43 -1.96
-0.59 -4.16 -1.63 7.58
0.08 7.61 -7.79 -0.51
0.00 0.00 -0.00 -1.63

------------
Iteration 8:
====CREATING QR DECOMPOSITION===
==============DONE==============
Matrix R(7):
-13.60 1.28 1.40 2.29
0.00 8.71 -5.99 -4.07
0.00 0.00 5.25 -6.31
-0.00 0.00 0.00 -1.63

Matrix Q(7):
-1.00 -0.03 -0.03 0.00
0.04 -0.48 -0.87 0.00
-0.01 0.87 -0.48 -0.00
-0.00 0.00 0.00 1.00

Matrix A(8):
13.63 0.96 -1.33 2.29
0.41 -9.45 -4.71 -4.07
-0.03 4.59 -2.54 -6.31
0.00 -0.00 -0.00 -1.63

------------
Iteration 9:
====CREATING QR DECOMPOSITION===
==============DONE==============
Matrix R(8):
-13.64 -0.67 1.46 -2.18
0.00 10.53 3.09 0.97
0.00 0.00 4.33 7.47
0.00 0.00 0.00 -1.63

Matrix Q(8):
-1.00 0.03 0.01 0.00
-0.03 -0.90 -0.44 -0.00
0.00 0.44 -0.90 0.00
-0.00 -0.00 0.00 1.00

Matrix A(9):
13.66 0.85 -1.17 -2.18
-0.31 -8.13 -7.37 0.97
0.01 1.89 -3.89 7.47
0.00 0.00 -0.00 -1.63

------------
Iteration 10:
====CREATING QR DECOMPOSITION===
==============DONE==============
Matrix R(9):
-13.66 -1.04 1.01 2.19
0.00 8.32 6.32 0.80
0.00 0.00 5.47 -7.49
-0.00 0.00 0.00 -1.63

Matrix Q(9):
-1.00 -0.02 -0.00 0.00
0.02 -0.97 -0.23 0.00
-0.00 0.23 -0.97 -0.00
-0.00 0.00 -0.00 1.00

Matrix A(10):
13.63 1.55 -0.69 2.19
0.18 -6.67 -8.04 0.80
-0.00 1.24 -5.33 -7.49
0.00 -0.00 0.00 -1.63

------------
Iteration 11:
====CREATING QR DECOMPOSITION===
==============DONE==============
Matrix R(10):
-13.63 -1.45 0.79 -2.21
0.00 6.81 6.93 -2.12
0.00 0.00 6.70 7.22
-0.00 0.00 0.00 -1.63

Matrix Q(10):
-1.00 0.01 0.00 0.00
-0.01 -0.98 -0.18 -0.00
0.00 0.18 -0.98 0.00
-0.00 -0.00 0.00 1.00

Matrix A(11):
13.65 1.39 -0.55 -2.21
-0.09 -5.43 -8.05 -2.12
0.00 1.22 -6.59 7.22
0.00 0.00 -0.00 -1.63

------------
Iteration 12:
====CREATING QR DECOMPOSITION===
==============DONE==============
Matrix R(11):
-13.65 -1.43 0.49 2.19
0.00 5.56 6.41 3.67
0.00 0.00 8.20 -6.58
0.00 0.00 -0.00 -1.63

Matrix Q(11):
-1.00 -0.01 -0.00 0.00
0.01 -0.98 -0.22 0.00
-0.00 0.22 -0.98 -0.00
-0.00 0.00 -0.00 1.00

Matrix A(12):
13.64 1.59 -0.15 2.19
0.04 -4.01 -7.47 3.67
-0.00 1.80 -8.00 -6.58
-0.00 -0.00 0.00 -1.63

------------
Iteration 13:
====CREATING QR DECOMPOSITION===
==============DONE==============
Matrix R(12):
-13.64 -1.58 0.17 -2.20
0.00 4.40 3.55 -6.03
0.00 0.00 10.35 4.51
-0.00 -0.00 -0.00 -1.63

Matrix Q(12):
-1.00 0.00 0.00 0.00
-0.00 -0.91 -0.41 -0.00
0.00 0.41 -0.91 0.00
0.00 -0.00 0.00 1.00

Matrix A(13):
13.65 1.48 0.48 -2.20
-0.01 -2.56 -5.04 -6.03
0.00 4.24 -9.45 4.51
0.00 0.00 -0.00 -1.63

------------
Iteration 14:
====CREATING QR DECOMPOSITION===
==============DONE==============
Matrix R(13):
-13.65 -1.48 -0.48 2.20
0.00 4.95 -5.47 6.98
0.00 0.00 9.20 2.83
-0.00 -0.00 -0.00 -1.63

Matrix Q(13):
-1.00 -0.00 -0.00 0.00
0.00 -0.52 -0.86 0.00
-0.00 0.86 -0.52 -0.00
-0.00 0.00 -0.00 1.00

Matrix A(14):
13.64 0.36 1.52 2.20
0.00 -7.25 -1.40 6.98
-0.00 7.87 -4.76 2.83
0.00 -0.00 0.00 -1.63

Final A:
13.64 0.36 1.52 2.20
0.00 -7.25 -1.40 6.98
-0.00 7.87 -4.76 2.83
0.00 -0.00 0.00 -1.63

x[0] = 13.64
x[1] = -6.01 + 3.08i
x[2] = -6.01 - 3.08i
x[3] = -1.63
==============DONE==============
